7200.174316
6985.470215
7344.884277
7410.656738
7411.317383
7769.219238
8163.692383
8079.862793
7879.071289
8166.554199
8037.537598
8192.494141
8144.194336
8827.764648
8807.010742
8723.786133
8929.038086
8942.808594
8706.245117
8657.642578
8745.894531
8680.875977
8406.515625
8445.434570
8367.847656
8596.830078
8909.819336
9358.589844
9316.629883
9508.993164
9350.529297
9392.875000
9344.365234
9293.521484
9180.962891
9613.423828
9729.801758
9795.943359
9865.119141
10116.673828
9856.611328
10208.236328
10326.054688
10214.379883
10312.116211
9889.424805
9934.433594
9690.142578
10141.996094
9633.386719
9608.475586
9686.441406
9663.181641
9924.515625
9650.174805
9341.705078
8820.522461
8784.494141
8672.455078
8599.508789
8562.454102
8869.669922
8787.786133
8755.246094
9078.762695
9122.545898
8909.954102
8108.116211
7923.644531
7909.729492
7911.430176
4970.788086
5563.707031
5200.366211
5392.314941
5014.479980
5225.629395
5238.438477
6191.192871
6198.778320
6185.066406
5830.254883
6416.314941
6734.803711
6681.062988
6716.440430
6469.798340
6242.193848
5922.042969
6429.841797
6438.644531
6606.776367
6793.624512
6733.387207
6867.527344
6791.129395
7271.781250
7176.414551
7334.098633
7302.089355
6865.493164
6859.083008
6971.091797
6845.037598
6842.427734
6642.109863
7116.804199
7096.184570
7257.665039
7189.424805
6881.958496
6880.323242
7117.207520
7429.724609
7550.900879
7569.936035
7679.867188
7795.601074
7807.058594
8801.038086
8658.553711
8864.766602
8988.596680
8897.468750
8912.654297
9003.070313
9268.761719
9951.518555
9842.666016
9593.896484
8756.430664
8601.795898
8804.477539
9269.987305
9733.721680
9328.197266
9377.013672
9670.739258
9726.575195
9729.038086
9522.981445
9081.761719
9182.577148
9209.287109
8790.368164
8906.934570
8835.052734
9181.017578
9525.750977
9439.124023
9700.414063
9461.058594
10167.268555
9529.803711
9656.717773
9800.636719
9665.533203
9653.679688
9758.852539
9771.489258
9795.700195
9870.094727
9321.781250
9480.843750
9475.277344
9386.788086
9450.702148
9538.024414
9480.254883
9411.840820
9288.018555
9332.340820
9303.629883
9648.717773
9629.658203
9313.610352
9264.813477
9162.917969
9045.390625
9143.582031
9190.854492
9137.993164
9228.325195
9123.410156
9087.303711
9132.488281
9073.942383
9375.474609
9252.277344
9428.333008
9277.967773
9278.807617
9240.346680
9276.500000
9243.614258
9243.213867
9192.836914
9132.227539
9151.392578
9159.040039
9185.817383
9164.231445
9374.887695
9525.363281
9581.072266
9536.892578
9677.113281
9905.166992
10990.873047
10912.823242
11100.467773
11111.213867
11323.466797
11759.592773
11053.614258
11246.348633
11205.892578
11747.022461
11779.773438
11601.472656
11754.045898
11675.739258
11878.111328
11410.525391
11584.934570
11784.137695
11768.871094
11865.698242
11892.803711
12254.402344
11991.233398
11758.283203
11878.372070
11592.489258
11681.825195
11664.847656
11774.595703
11366.134766
11488.363281
11323.397461
11542.500000
11506.865234
11711.505859
11680.820313
11970.478516
11414.034180
10245.296875
10511.813477
10169.567383
10280.351563
10369.563477
10131.516602
10242.347656
10363.138672
10400.915039
10442.170898
10323.755859
10680.837891
10796.951172
10974.905273
10948.990234
10944.585938
11094.346680
10938.271484
10462.259766
10538.459961
10246.186523
10760.066406
10692.716797
10750.723633
10775.269531
10709.652344
10844.640625
10784.491211
10619.452148
10575.974609
10549.329102
10669.583008
10793.339844
10604.406250
10668.968750
10915.685547
11064.458008
11296.361328
11384.181641
11555.363281
11425.899414
11429.506836
11495.349609
11322.123047
11358.101563
11483.359375
11742.037109
11916.334961
12823.689453
12965.891602
12931.539063
13108.062500
13031.173828
13075.248047
13654.218750
13271.285156
13437.882813
13546.522461
13780.995117
13737.109375
13550.489258
13950.300781
14133.707031
15579.848633
15565.880859
14833.753906
15479.567383
15332.315430
15290.902344
15701.339844
16276.343750
16317.808594
16068.138672
15955.587891
16716.111328
17645.406250
17804.005859
17817.089844
18621.314453
18642.232422
18370.001953
18364.121094
19107.464844
18732.121094
17150.623047
17108.402344
17717.414063
18177.484375
19625.835938
18802.998047
19201.091797
19445.398438
18699.765625
19154.230469
19345.121094
19191.630859
18321.144531
18553.916016
18264.992188
18058.904297
18803.656250
19142.382813
19246.644531
19417.076172
21310.597656
22805.162109
23137.960938
23869.832031
23477.294922
22803.082031
23783.029297
23241.345703
23735.949219
24664.791016
26437.037109
26272.294922
27084.808594
27362.437500
28840.953125
29001.720703
29374.152344
32127.267578
32782.023438
31971.914063
33992.429688
36824.363281
39371.042969
40797.609375
40254.546875
38356.441406
35566.656250
33922.960938
37316.359375
39187.328125
36825.367188
36178.140625
35791.277344
36630.074219
36069.804688
35547.750000
30825.699219
33005.761719
32067.642578
32289.378906
32366.392578
32569.849609
30432.546875
33466.097656
34316.386719
34269.523438
33114.359375
33537.175781
35510.289063
37472.089844
36926.066406
38144.308594
39266.011719
38903.441406
46196.464844
46481.105469
44918.183594
47909.332031
47504.851563
47105.515625
48717.289063
47945.058594
49199.871094
52149.007813
51679.796875
55888.132813
56099.519531
57539.945313
54207.320313
48824.425781
49705.332031
47093.851563
46339.761719
46188.453125
45137.769531
49631.242188
48378.988281
50538.242188
48561.167969
48927.304688
48912.382813
51206.691406
52246.523438
54824.117188
56008.550781
57805.121094
57332.089844
61243.085938
59302.316406
55907.199219
56804.902344
58870.894531
57858.921875
58346.652344
58313.644531
57523.421875
54529.144531
54738.945313
52774.265625
51704.160156
55137.312500
55973.511719
55950.746094
57750.199219
58917.691406
58918.832031
59095.808594
59384.312500
57603.890625
58758.554688
59057.878906
58192.359375
56048.937500
58323.953125
58245.003906
59793.234375
60204.964844
59893.453125
63503.457031
63109.695313
63314.011719
61572.789063
60683.820313
56216.183594
55724.265625
56473.031250
53906.089844
51762.273438
51093.652344
50050.867188
49004.253906
54021.753906
55033.117188
54824.703125
53555.109375
57750.175781
57828.050781
56631.078125
57200.292969
53333.539063
57424.007813
56396.515625
57356.402344
58803.777344
58232.316406
55859.796875
56704.574219
49150.535156
49716.191406
49880.535156
46760.187500
46456.058594
43537.511719
42909.402344
37002.441406
40782.738281
37304.691406
37536.632813
34770.582031
38705.980469
38402.222656
39294.199219
38436.968750
35697.605469
34616.066406
35678.128906
37332.855469
36684.925781
37575.179688
39208.765625
36894.406250
35551.957031
35862.378906
33560.707031
33472.632813
37345.121094
36702.597656
37334.398438
35552.515625
39097.859375
40218.476563
40406.269531
38347.062500
38053.503906
35787.246094
35615.871094
35698.296875
31676.693359
32505.660156
33723.027344
34662.437500
31637.779297
32186.277344
34649.644531
34434.335938
35867.777344
35040.835938
33572.117188
33897.046875
34668.546875
35287.781250
33746.003906
34235.195313
33855.328125
32877.371094
33798.011719
33520.519531
34240.187500
33155.847656
32702.025391
32822.347656
31780.730469
31421.539063
31533.068359
31796.810547
30817.832031
29807.347656
32110.693359
32313.105469
33581.550781
34292.445313
35350.187500
37337.535156
39406.941406
39995.906250
40008.421875
42235.546875
41626.195313
39974.894531
39201.945313
38152.980469
39747.503906
40869.554688
42816.500000
44555.800781
43798.117188
46365.402344
45585.031250
45593.636719
44428.289063
47793.320313
47096.945313
47047.003906
46004.484375
44695.359375
44801.187500
46717.578125
49339.175781
48905.492188
49321.652344
49546.148438
47706.117188
48960.789063
46942.218750
49058.667969
48902.402344
48829.832031
47054.984375
47166.687500
48847.027344
49327.722656
50025.375000
49944.625000
51753.410156
52633.535156
46811.128906
46091.390625
46391.421875
44883.910156
45201.457031
46063.269531
44963.074219
47092.492188
48176.347656
47783.359375
47267.519531
48278.363281
47260.218750
42843.800781
40693.675781
43574.507813
44895.097656
42839.750000
42716.593750
43208.539063
42235.730469
41034.542969
41564.363281
43790.894531
48116.941406
47711.488281
48199.953125
49112.902344
51514.812500
55361.449219
53805.984375
53967.847656
54968.222656
54771.578125
57484.789063
56041.058594
57401.097656
57321.523438
61593.949219
60892.179688
61553.617188
62026.078125
64261.992188
65992.835938
62210.171875
60692.265625
61393.617188
60930.835938
63039.824219
60363.792969
58482.386719
60622.136719
62227.964844
61888.832031
61318.957031
61004.406250
63226.402344
62970.046875
61452.230469
61125.675781
61527.480469
63326.988281
67566.828125
66971.828125
64995.230469
64949.960938
64155.941406
64469.527344
65466.839844
63557.871094
60161.246094
60368.011719
56942.136719
58119.578125
59697.195313
58730.476563
56289.289063
57569.074219
56280.425781
57274.679688
53569.765625
54815.078125
57248.457031
57806.566406
57005.425781
57229.828125
56477.816406
53598.246094
49200.703125
49368.847656
50582.625000
50700.085938
50504.796875
47672.121094
47243.304688
49362.507813
50098.335938
46737.480469
46612.632813
48896.722656
47665.425781
46202.144531
46848.777344
46707.015625
46880.277344
48936.613281
48628.511719
50784.539063
50822.195313
50429.859375
50809.515625
50640.417969
47588.855469
46444.710938
47178.125000
46306.445313
47686.812500
47345.218750
46458.117188
45897.574219
43569.003906
43160.929688
41557.902344
41733.941406
41911.601563
41821.261719
42735.855469
43949.101563
42591.570313
43099.699219
43177.398438
43113.878906
42250.550781
42375.632813
41744.328125
40680.417969
36457.316406
35030.250000
36276.804688
36654.328125
36954.003906
36852.121094
37138.234375
37784.332031
38138.179688
37917.601563
38483.125000
38743.273438
36952.984375
37154.601563
41500.875000
41441.164063
42412.433594
43840.285156
44118.445313
44338.796875
43565.113281
42407.937500
42244.468750
42197.515625
42586.917969
44575.203125
43961.859375
40538.011719
40030.976563
40122.156250
38431.378906
37075.281250
38286.027344
37296.570313
38332.609375
39214.218750
39105.148438
37709.785156
43193.234375
44354.636719
43924.117188
42451.789063
39137.605469
39400.585938
38419.984375
38062.039063
38737.269531
41982.925781
39437.460938
38794.972656
38904.011719
37849.664063
39666.753906
39338.785156
41143.929688
40951.378906
41801.156250
42190.652344
41247.824219
41077.996094
42358.808594
42892.957031
43960.933594
44348.730469
44500.828125
46820.492188
47128.003906
47465.730469
47062.664063
45538.675781
46281.644531
45868.949219
46453.566406
46622.675781
45555.992188
43206.738281
43503.847656
42287.664063
42782.136719
42207.671875
39521.902344
40127.183594
41166.730469
39935.515625
40553.464844
40424.484375
39716.953125
40826.214844
41502.750000
41374.378906
40527.363281
39740.320313
39486.730469
39469.292969
40458.308594
38117.460938
39241.121094
39773.828125
38609.824219
37714.875000
38469.093750
38529.328125
37750.453125
39698.371094
36575.140625
36040.921875
35501.953125
34059.265625
30296.953125
31022.906250
28936.355469
29047.751953
29283.103516
30101.265625
31305.113281
29862.917969
30425.857422
28720.271484
30314.333984
29200.740234
29432.226563
30323.722656
29098.910156
29655.585938
29562.361328
29267.224609
28627.574219
28814.900391
29445.957031
31726.390625
31792.310547
29799.080078
30467.488281
29704.390625
29832.914063
29906.662109
31370.671875
31155.478516
30214.355469
30111.998047
29083.804688
28360.810547
26762.648438
22487.388672
22206.792969
22572.839844
20381.650391
20471.482422
19017.642578
20553.271484
20599.537109
20710.597656
19987.029297
21085.876953
21231.656250
21502.337891
21027.294922
20735.478516
20280.634766
20104.023438
19784.726563
19269.367188
19242.255859
19297.076172
20231.261719
20190.115234
20548.246094
21637.587891
21731.117188
21592.207031
20860.449219
19970.556641
19323.914063
20212.074219
20569.919922
20836.328125
21190.316406
20779.343750
22485.689453
23389.433594
23231.732422
23164.628906
22714.978516
22465.478516
22609.164063
21361.701172
21239.753906
22930.548828
23843.886719
23804.632813
23656.207031
23656.849609
